11
55
0 1 6
0 2 6
0 3 3
0 4 3
0 5 3
0 6 3
0 7 1
0 8 1
0 9 6
0 10 6
1 2 13
1 3 1
1 4 10
1 5 3
1 6 10
1 7 4
1 8 8
1 9 3
1 10 13
2 3 10
2 4 1
2 5 10
2 6 3
2 7 8
2 8 4
2 9 13
2 10 3
3 4 8
3 5 1
3 6 7
3 7 2
3 8 6
3 9 3
3 10 10
4 5 7
4 6 1
4 7 6
4 8 2
4 9 10
4 10 3
5 6 7
5 7 3
5 8 4
5 9 2
5 10 11
6 7 4
6 8 3
6 9 11
6 10 2
7 8 4
7 9 6
7 10 7
8 9 7
8 10 6
9 10 14
11
0 FACTORY 0 0 0 0 0 
1 FACTORY 1 29 3 0 0 
2 FACTORY -1 29 3 0 0 
3 FACTORY 0 2 2 0 0 
4 FACTORY 0 2 2 0 0 
5 FACTORY 0 0 0 0 0 
6 FACTORY 0 0 0 0 0 
7 FACTORY 0 5 1 0 0 
8 FACTORY 0 5 1 0 0 
9 FACTORY 0 0 1 0 0 
10 FACTORY 0 0 1 0 0 
